0	0.596867
0	0.609683
0	0.621981
0	0.634205
0	0.646515
0	0.658689
0	0.670912
0	0.683094
0	0.695279
0	0.707449
0	0.719666
0	0.731937
0	0.744102
0	0.756264
0	0.768427
0	0.780591
0	0.792866
0	0.805088
0	0.817313
0	0.829551
0	0.841708
0	0.854009
0	0.866165
0	0.878308
0	0.890457
0	0.902608
0	0.914907
0	0.927045
0	0.939222
0	0.951374
0	0.963523
0	0.975665
0	0.987933
0	1.001923
0	1.014094
0	1.026211
0	1.038397
0	1.050513
0	1.062627
0	1.074740
0	1.086853
0	1.098990
0	1.111096
0	1.123280
0	1.135428
0	1.147650
0	1.159796
0	1.172009
0	1.184277
0	1.196834
0	1.209094
0	1.221461
0	1.233726
0	1.245975
0	1.258269
0	1.270496
0	1.282743
0	1.295034
0	1.307275
0	1.319486
0	1.331737
0	1.344037
0	1.356307
0	1.368578
0	1.380746
0	1.393674
0	1.405908
0	1.418210
0	1.430325
0	1.442474
0	1.454595
0	1.466703
0	1.478844
0	1.491004
0	1.503170
0	1.515349
0	1.527508
0	1.539753
0	1.552004
0	1.564210
0	1.576464
0	1.588969
0	1.601180
0	1.613372
0	1.625579
0	1.637764
0	1.649971
0	1.662196
0	1.675090
0	1.687653
0	1.699943
0	1.712434
0	1.725005
0	1.737546
0	1.749845
0	1.762048
0	1.774158
0	1.786482
0	1.799279
0	1.811497
0	1.823705
0	1.835836
0	1.847961
0	1.860182
0	1.872313
0	1.884412
0	1.896561
0	1.908798
0	1.921095
0	1.933229
0	1.945373
0	1.957539
0	1.969828
0	1.982081
0	1.994328
0	2.006471
0	2.018640
0	2.030742
0	2.042906
0	2.054991
0	2.067105
0	2.079197
0	2.091285
0	2.103459
0	2.115696
0	2.127812
0	2.139895
0	2.152001
0	2.164735
0	2.177169
0	2.189614
0	2.201914
0	2.214378
0	2.226989
0	2.239197
0	2.251312
0	2.268856
0	2.287543
0	2.300392
0	2.313661
0	2.326449
0	2.339559
0	2.352971
0	2.366330
0	2.379587
0	2.392419
0	2.405493
0	2.418816
0	2.432297
0	2.444560
0	2.456711
0	2.470174
0	2.482382
0	2.495413
0	2.508107
0	2.520330
0	2.533861
0	2.546143
0	2.558543
0	2.571298
0	2.583510
0	2.596354
0	2.608754
0	2.620932
0	2.633828
0	2.645981
0	2.658403
0	2.671114
0	2.683232
0	2.696063
0	2.708260
0	2.720498
0	2.733427
0	2.746406
0	2.758755
0	2.770990
0	2.784142
0	2.796423
0	2.809070
0	2.821760
0	2.834022
0	2.847101
0	2.859480
0	2.871658
0	2.884415
0	2.897978
0	2.911051
0	2.923816
0	2.936399
0	2.949285
0	2.962171
0	2.974935
0	2.987412
0	3.000273
0	3.013013
0	3.025831
0	3.038346
0	3.051028
0	3.064003
0	3.076193
0	3.088512
0	3.101327
0	3.113576
0	3.126661
0	3.138963
0	3.151066
0	3.163810
0	3.176637
0	3.188928
0	3.201031
0	3.213917
0	3.226264
0	3.239208
0	3.253353
0	3.268983
0	3.283432
0	3.295781
0	3.308626
0	3.321263
0	3.333330
0	3.346250
0	3.358348
0	3.370699
0	3.383509
0	3.395620
0	3.408469
0	3.420894
0	3.432955
0	3.445887
0	3.457968
0	3.470286
0	3.482888
0	3.495083
0	3.507196
0	3.519340
0	3.531422
0	3.543581
0	3.555615
0	3.567625
0	3.579641
0	3.591871
0	3.603955
0	3.616120
0	3.628209
0	3.640227
0	3.652236
0	3.664250
0	3.676267
0	3.688274
0	3.700309
0	3.712336
0	3.724484
0	3.736861
0	3.748959
0	3.761014
0	3.773143
0	3.785339
0	3.798061
0	3.810174
0	3.822427
0	3.834544
0	3.846639
0	3.858899
0	3.871014
0	3.883126
0	3.895240
0	3.907529
0	3.919709
0	3.932868
0	3.945363
0	3.958480
0	3.971506
0	3.984085
0	3.996744
0	4.009683
0	4.022556
0	4.035251
0	4.047871
0	4.060746
0	4.073621
0	4.086557
0	4.098984
0	4.111801
0	4.124482
0	4.137327
0	4.149831
0	4.162363
0	4.174471
0	4.186621
0	4.198698
0	4.210823
0	4.223007
0	4.235064
0	4.247105
0	4.259225
0	4.271367
0	4.283386
0	4.295789
0	4.307830
0	4.319938
0	4.332566
0	4.344709
0	4.356853
0	4.368948
0	4.380955
0	4.393113
0	4.405198
0	4.417307
0	4.429457
0	4.441573
0	4.453647
0	4.465736
0	4.477813
0	4.489909
0	4.501982
0	4.514114
0	4.526254
0	4.538407
0	4.550420
0	4.562472
0	4.574476
0	4.587299
0	4.599846
0	4.612134
0	4.624751
0	4.637422
0	4.649994
0	4.662216
0	4.674338
0	4.686890
0	4.698816
0	4.710736
0	4.722775
0	4.734736
0	4.746664
0	4.758586
0	4.770504
0	4.782492
0	4.794472
0	4.806394
0	4.818367
0	4.830359
0	4.842282
0	4.854305
0	4.866238
0	4.878881
0	4.890986
0	4.903621
0	4.916046
0	4.928309
0	4.940870
0	4.953228
0	4.965325
0	4.984224
0	5.000000
0	5.013298
0	5.026549
0	5.041000
0	5.053979
0	5.066748
0	5.079855
0	5.093092
0	5.106303
0	5.118871
0	5.131796
0	5.144400
0	5.156623
0	5.169071
0	5.181767
0	5.193943
0	5.206482
0	5.218851
0	5.231629
0	5.244338
0	5.256763
0	5.270012
0	5.282558
0	5.295029
0	5.307525
0	5.320019
0	5.332619
0	5.345116
0	5.357390
0	5.369843
0	5.382695
0	5.395538
0	5.407883
0	5.420401
0	5.432870
0	5.445267
0	5.457305
0	5.469609
0	5.481869
0	5.494159
0	5.506127
0	5.518397
0	5.530702
0	5.542946
0	5.555104
0	5.567408
0	5.579695
0	5.591821
0	5.604080
0	5.616425
0	5.628817
0	5.640946
0	5.653141
0	5.665427
0	5.677776
0	5.689980
0	5.702256
0	5.714618
0	5.727104
0	5.739349
0	5.751573
0	5.763910
0	5.776251
0	5.788815
0	5.801257
0	5.813699
0	5.826138
0	5.838288
0	5.850842
0	5.863192
0	5.875536
0	5.887622
0	5.899997
0	5.912271
0	5.924373
0	5.936700
0	5.949343
0	5.961749
0	5.974158
0	5.986433
0	5.998936
0	6.011336
0	6.023525
0	6.035863
0	6.048155
0	6.060389
0	6.072467
0	6.084694
0	6.097043
0	6.109440
0	6.121705
0	6.134093
0	6.146492
0	6.158806
0	6.170941
0	6.183262
0	6.195505
0	6.207629
0	6.219636
0	6.231622
0	6.243631
0	6.255667
0	6.267678
0	6.279719
0	6.291750
0	6.303760
0	6.315805
0	6.327878
0	6.339775
0	6.351793
0	6.363812
0	6.375742
0	6.387731
0	6.399679
0	6.411639
0	6.423696
0	6.435619
0	6.447539
0	6.459489
0	6.471473
0	6.483415
0	6.495293
0	6.507194
0	6.519069
0	6.531001
0	6.542964
0	6.554865
0	6.566845
0	6.579148
0	6.591497
0	6.603437
0	6.615356
0	6.627288
0	6.639176
0	6.651068
0	6.662974
0	6.674866
0	6.686735
0	6.698618
0	6.710492
0	6.722396
0	6.734339
0	6.746226
0	6.758096
0	6.770011
0	6.781962
0	6.793875
0	6.805768
0	6.817636
0	6.829562
0	6.841466
0	6.853435
0	6.865346
0	6.877230
0	6.889102
0	6.901100
0	6.913018
0	6.924986
0	6.936945
0	6.948870
0	6.960807
0	6.974489
0	6.987555
0	6.999613
0	7.012339
0	7.024987
0	7.036978
0	7.049129
0	7.061284
0	7.073600
0	7.085468
0	7.097420
0	7.109380
0	7.121349
0	7.133275
0	7.145140
0	7.160698
0	7.176298
0	7.188397
0	7.200474
0	7.212625
0	7.224881
0	7.236841
0	7.248903
0	7.261079
0	7.273024
0	7.284879
0	7.296784
0	7.308646
0	7.320499
0	7.332402
0	7.344291
0	7.356177
0	7.368040
0	7.380028
0	7.392008
0	7.403921
0	7.415970
0	7.428031
0	7.440069
0	7.451976
0	7.463948
0	7.475976
0	7.487908
0	7.500034
0	7.511936
0	7.523946
0	7.536016
0	7.547967
0	7.560473
0	7.573172
0	7.585152
0	7.597142
0	7.609217
0	7.621232
0	7.633206
0	7.645144
0	7.657450
0	7.669750
0	7.681778
0	7.693688
0	7.705592
0	7.717573
0	7.729517
0	7.741385
0	7.753238
0	7.765733
0	7.777589
0	7.789552
0	7.801453
0	7.813342
0	7.825186
0	7.837094
0	7.848982
0	7.860899
0	7.872735
0	7.884598
0	7.896476
0	7.908425
0	7.920260
0	7.932373
0	7.944238
0	7.956373
0	7.968649
0	7.980573
0	7.992517
0	8.004370
0	8.016209
0	8.028168
0	8.040011
0	8.051951
0	8.063808
0	8.075643
0	8.087499
0	8.099449
0	8.111417
0	8.123310
0	8.135443
0	8.147418
0	8.159411
0	8.171389
0	8.183446
0	8.195446
0	8.207466
0	8.219506
0	8.231589
0	8.243478
0	8.255455
0	8.267452
0	8.279432
0	8.291419
0	8.303520
0	8.315529
0	8.327600
0	8.339511
0	8.351518
0	8.363781
0	8.375795
0	8.387815
0	8.399705
0	8.411682
0	8.423561
0	8.435678
0	8.447570
0	8.459439
0	8.471433
0	8.483312
0	8.495282
0	8.507178
0	8.519153
0	8.531185
0	8.543182
0	8.555170
0	8.567095
0	8.579055
0	8.591059
0	8.603026
0	8.614996
0	8.626948
0	8.638932
0	8.650886
0	8.662845
0	8.674755
0	8.686693
0	8.698559
0	8.710419
0	8.722436
0	8.734580
0	8.746438
0	8.758809
0	8.770788
0	8.782684
0	8.794608
0	8.806461
0	8.818308
0	8.830249
0	8.842147
0	8.854236
0	8.866117
0	8.877979
0	8.889792
0	8.901701
0	8.913536
0	8.925340
0	8.937280
0	8.949155
0	8.961010
0	8.972886
0	8.984818
0	8.996672
0	9.008523
0	9.020402
0	9.032364
0	9.044260
0	9.057337
0	9.069503
0	9.081518
0	9.093373
0	9.105296
0	9.117189
0	9.129181
0	9.141066
0	9.152920
0	9.166018
0	9.178745
0	9.191365
0	9.203438
0	9.215276
0	9.227143
0	9.239116
0	9.250966
0	9.262799
0	9.274630
0	9.286466
0	9.298396
0	9.310246
0	9.322118
0	9.334053
0	9.345915
0	9.357816
0	9.369651
0	9.381506
0	9.393340
0	9.405169
0	9.417097
0	9.428964
0	9.440974
0	9.452830
0	9.464669
0	9.476489
0	9.488311
0	9.500124
0	9.511961
0	9.523809
0	9.535706
0	9.547651
0	9.559552
0	9.571374
0	9.583219
0	9.595050
0	9.607193
0	9.619060
0	9.631055
0	9.642904
0	9.654723
0	9.666544
0	9.678386
0	9.690195
0	9.712246
0	9.723101
0	9.734118
0	9.745035
0	9.755880
0	9.766722
0	9.778702
0	9.790785
0	9.802533
0	9.814222
0	9.825136
0	9.836158
0	9.847130
0	9.859938
0	9.870817
0	9.881999
0	9.894722
0	9.905718
0	9.916582
0	9.927439
0	9.938447
0	9.949325
0	9.960476
0	9.971792
0	9.982748
0	9.993620
0	10.004472
0	10.015325
0	10.026166
0	10.037162
0	10.048112
0	10.058982
0	10.069826
0	10.080673
0	10.091519
0	10.102354
0	10.113218
0	10.124061
0	10.135036
0	10.145920
0	10.156801
0	10.167649
0	10.178483
0	10.189405
0	10.200255
0	10.211103
0	10.221936
0	10.232903
0	10.243788
0	10.254914
0	10.265775
0	10.276678
0	10.287521
0	10.298457
0	10.309319
0	10.320166
0	10.331010
0	10.342071
0	10.352935
0	10.363786
0	10.374634
0	10.385535
0	10.396389
0	10.407303
0	10.418278
0	10.429149
0	10.440131
0	10.451012
0	10.461858
0	10.472710
0	10.483554
0	10.495484
0	10.507626
0	10.518990
0	10.529988
0	10.541001
0	10.551978
0	10.562840
0	10.574717
0	10.587100
0	10.598540
0	10.609495
0	10.620456
0	10.631621
0	10.642637
0	10.653507
0	10.664365
0	10.675491
0	10.686353
0	10.697191
0	10.708044
0	10.718903
0	10.729742
0	10.740727
0	10.751600
0	10.762444
0	10.773278
0	10.784182
0	10.795022
0	10.805937
0	10.817547
0	10.828444
0	10.839377
0	10.850289
0	10.861158
0	10.872006
0	10.882839
0	10.893660
0	10.904610
0	10.917159
0	10.929919
0	10.943727
0	10.959938
0	10.973374
0	10.985335
0	10.997499
0	11.008415
0	11.019248
0	11.030095
0	11.040977
0	11.051865
0	11.062726
0	11.074023
0	11.084936
0	11.095787
0	11.106617
0	11.117471
0	11.128299
0	11.140199
0	11.150958
0	11.162148
0	11.172939
0	11.183790
0	11.194926
0	11.207355
0	11.218180
0	11.229047
0	11.239865
0	11.250613
0	11.261347
0	11.272181
0	11.282913
0	11.293641
0	11.304428
0	11.315227
0	11.326018
0	11.336902
0	11.347848
0	11.358727
0	11.369676
0	11.380559
0	11.391561
0	11.402336
0	11.413262
0	11.424192
0	11.435126
0	11.446039
0	11.456929
0	11.467733
0	11.478719
0	11.489592
0	11.500497
0	11.511374
0	11.522306
0	11.533175
0	11.544061
0	11.555086
0	11.565997
0	11.576961
0	11.587991
0	11.598947
0	11.609826
0	11.620619
0	11.631573
0	11.642421
0	11.653156
0	11.663891
0	11.674688
0	11.685414
0	11.696127
0	11.706856
0	11.717584
0	11.728288
0	11.739074
0	11.749807
0	11.760549
0	11.771367
0	11.782206
0	11.792985
0	11.803833
0	11.814648
0	11.825396
0	11.836555
0	11.847498
0	11.858373
0	11.869267
0	11.880149
0	11.891065
0	11.901918
0	11.912743
0	11.923619
0	11.935233
0	11.946336
0	11.957707
0	11.968959
0	11.980008
0	11.991348
0	12.002535
0	12.013524
0	12.025048
0	12.037018
0	12.052287
0	12.063561
0	12.075012
0	12.086342
0	12.097458
0	12.109313
0	12.121195
0	12.132217
0	12.143476
0	12.154304
0	12.165007
0	12.175713
0	12.186872
0	12.197621
0	12.208327
0	12.219093
0	12.229805
0	12.240560
0	12.251290
0	12.262024
0	12.272800
0	12.283562
0	12.294371
0	12.305210
0	12.315970
0	12.326687
0	12.337760
0	12.348500
0	12.359220
0	12.369930
0	12.380698
0	12.391448
0	12.402166
0	12.412953
0	12.424412
0	12.435341
0	12.446427
0	12.457342
0	12.468426
0	12.480566
0	12.493655
0	12.505049
0	12.516337
0	12.527083
0	12.538220
0	12.549071
0	12.559783
0	12.570515
0	12.581291
0	12.592063
0	12.604196
0	12.618332
0	12.630457
0	12.642448
0	12.654578
0	12.666297
0	12.677399
0	12.688849
0	12.702104
0	12.715420
0	12.726323
0	12.737399
0	12.748586
0	12.759583
0	12.770609
0	12.781854
0	12.792846
0	12.803946
0	12.815141
0	12.826161
0	12.837320
0	12.848217
0	12.859454
0	12.870275
0	12.880989
0	12.892131
0	12.903074
0	12.913809
0	12.924842
0	12.936048
0	12.946829
0	12.957715
0	12.968920
0	12.979661
0	12.990570
0	13.002024
0	13.012866
0	13.023586
0	13.034910
0	13.045916
0	13.056785
0	13.067618
0	13.078384
0	13.089186
0	13.100061
0	13.110869
0	13.122324
0	13.133691
0	13.144776
0	13.156609
0	13.167761
0	13.178639
0	13.189636
0	13.201057
0	13.211916
0	13.223003
0	13.234293
0	13.245391
0	13.256675
0	13.267481
0	13.278406
0	13.289281
0	13.300232
0	13.311067
0	13.321968
0	13.332754
0	13.343642
0	13.354412
0	13.365193
0	13.376078
0	13.386941
0	13.397706
0	13.408512
0	13.419303
0	13.430073
0	13.440852
0	13.451631
0	13.462412
0	13.473172
0	13.484094
0	13.494833
0	13.505564
0	13.516351
0	13.527060
0	13.537846
0	13.548655
0	13.559489
0	13.570234
0	13.581138
0	13.592002
0	13.602892
0	13.613654
0	13.624541
0	13.635390
0	13.646263
0	13.657129
0	13.667973
0	13.678702
0	13.689502
0	13.700316
0	13.711878
0	13.722789
0	13.734068
0	13.745442
0	13.756504
0	13.767619
0	13.778829
0	13.789796
0	13.801056
0	13.812242
0	13.823133
0	13.834173
0	13.845467
0	13.856335
0	13.867319
0	13.878442
0	13.889330
0	13.900380
0	13.911669
0	13.922458
0	13.933385
0	13.944265
0	13.954975
0	13.966515
0	13.977206
0	13.987930
0	13.998602
0	14.009296
0	14.020278
0	14.031096
0	14.041831
0	14.052582
0	14.064143
0	14.075392
0	14.086293
0	14.097140
0	14.107837
0	14.118438
0	14.129286
0	14.139986
0	14.150920
0	14.161607
0	14.172457
0	14.183157
0	14.193865
0	14.204444
0	14.214996
0	14.225597
0	14.236184
0	14.246829
0	14.257411
0	14.267966
0	14.278569
0	14.289131
0	14.299685
0	14.310441
0	14.321018
0	14.331669
0	14.342312
0	14.352869
0	14.363424
0	14.373969
0	14.384593
0	14.395176
0	14.406148
0	14.416832
0	14.427412
0	14.437983
0	14.448611
0	14.459173
0	14.469726
0	14.480799
0	14.492575
0	14.503547
0	14.514892
0	14.526398
0	14.537672
0	14.548650
0	14.559397
0	14.570169
0	14.581116
0	14.591831
0	14.602449
0	14.614962
0	14.627429
0	14.639434
0	14.651056
0	14.662082
0	14.673125
0	14.685003
0	14.697021
0	14.708885
0	14.720142
0	14.732048
0	14.743766
0	14.754969
0	14.766841
0	14.778770
0	14.790038
0	14.801615
0	14.813269
0	14.824611
0	14.835647
0	14.847023
0	14.858185
0	14.869112
0	14.880708
0	14.892108
0	14.903112
0	14.914368
0	14.925557
0	14.936488
0	14.948008
0	14.959346
0	14.970204
0	14.981539
0	14.992867
0	15.003729
0	15.014389
0	15.032445
0	15.043228
0	15.054880
0	15.065820
0	15.076545
0	15.087781
0	15.098453
0	15.109851
0	15.120525
0	15.131237
0	15.142625
0	15.153399
0	15.164025
0	15.175503
0	15.186213
0	15.196867
0	15.208292
0	15.218940
0	15.229585
0	15.240998
0	15.252132
0	15.262760
0	15.274124
0	15.284731
0	15.295368
0	15.306728
0	15.317359
0	15.327960
0	15.339343
0	15.350008
0	15.360550
0	15.371902
0	15.382649
0	15.393214
0	15.404511
0	15.415261
0	15.425824
0	15.437181
0	15.447922
0	15.458594
0	15.469727
0	15.480541
0	15.491740
0	15.502338
0	15.512846
0	15.524148
0	15.534738
0	15.545314
0	15.556759
0	15.567293
0	15.577905
0	15.589301
0	15.599887
0	15.610425
0	15.621659
0	15.632372
0	15.642921
0	15.656666
0	15.671744
0	15.683443
0	15.695289
0	15.706725
0	15.717908
0	15.728854
0	15.740384
0	15.752499
0	15.767215
0	15.778121
0	15.789306
0	15.800245
0	15.811053
0	15.822263
0	15.833143
0	15.843944
0	15.854888
0	15.865969
0	15.876686
0	15.887702
0	15.898530
0	15.909245
0	15.920591
0	15.931410
0	15.942825
0	15.953697
0	15.964542
0	15.975235
0	15.986064
0	15.996875
0	16.007533
0	16.018342
0	16.029127
0	16.039864
0	16.050683
0	16.061444
0	16.072194
0	16.083040
0	16.093630
0	16.104316
0	16.115096
0	16.125534
0	16.136332
0	16.147126
0	16.157743
0	16.168557
0	16.180212
0	16.191514
0	16.202893
0	16.213964
0	16.224403
0	16.235090
0	16.245979
0	16.256473
0	16.267260
0	16.278073
0	16.288580
0	16.299403
0	16.310069
0	16.320590
0	16.331409
0	16.341905
0	16.352653
0	16.363413
0	16.373885
0	16.384766
0	16.396046
0	16.407506
0	16.418945
0	16.430085
0	16.440578
0	16.451473
0	16.462240
0	16.472737
0	16.483555
0	16.494323
0	16.504834
0	16.515606
0	16.526343
0	16.536870
0	16.547998
0	16.558656
0	16.569271
0	16.580095
0	16.590686
0	16.602185
0	16.613397
0	16.623804
0	16.634918
0	16.646358
0	16.657689
0	16.668395
0	16.679078
0	16.689499
0	16.700216
0	16.710692
0	16.721070
0	16.731443
0	16.741856
0	16.752248
0	16.762600
0	16.772947
0	16.783441
0	16.793845
0	16.804292
0	16.814668
0	16.825023
0	16.835429
0	16.845853
0	16.856248
0	16.866610
0	16.876972
0	16.887472
0	16.897869
0	16.908242
0	16.918597
0	16.928953
0	16.939304
0	16.949707
0	16.960121
0	16.970474
0	16.980905
0	16.991292
0	17.002127
0	17.012683
0	17.023065
0	17.033414
0	17.043855
0	17.054279
0	17.064659
0	17.075019
0	17.085479
0	17.095906
0	17.106294
0	17.116664
0	17.127035
0	17.137379
0	17.147797
0	17.158168
0	17.168535
0	17.178975
0	17.189355
0	17.199745
0	17.210104
0	17.220447
0	17.230799
0	17.241146
0	17.251552
0	17.261912
0	17.272280
0	17.282657
0	17.293096
0	17.303493
0	17.313850
0	17.324208
0	17.334567
0	17.344969
0	17.355962
0	17.367214
0	17.378317
0	17.389666
0	17.400101
0	17.410549
0	17.420952
0	17.431314
0	17.441656
0	17.452081
0	17.462903
0	17.473309
0	17.483670
0	17.494009
0	17.504384
0	17.514721
0	17.525056
0	17.535394
0	17.545780
0	17.556181
0	17.566526
0	17.576949
0	17.587351
0	17.597746
0	17.608164
0	17.619128
0	17.630865
0	17.641407
0	17.652475
0	17.662984
0	17.673358
0	17.683978
0	17.694350
0	17.704714
0	17.715040
0	17.725356
0	17.735684
0	17.746063
0	17.756398
0	17.766713
0	17.777112
0	17.787453
0	17.797822
0	17.814584
0	17.824941
0	17.835328
0	17.845700
0	17.856060
0	17.866392
0	17.876700
0	17.887141
0	17.897452
0	17.907819
0	17.918143
0	17.928448
0	17.938771
0	17.949328
0	17.959759
0	17.970119
0	17.980553
0	17.991145
0	18.001479
0	18.011852
0	18.022187
0	18.032507
0	18.043018
0	18.053472
0	18.063786
0	18.074107
0	18.084414
0	18.094979
0	18.105293
0	18.115677
0	18.125986
0	18.136288
0	18.146703
0	18.157078
0	18.167407
0	18.177786
0	18.188096
0	18.198472
0	18.208801
0	18.219569
0	18.229946
0	18.240502
0	18.250844
0	18.261152
0	18.271468
0	18.281781
0	18.292076
0	18.302487
0	18.312808
0	18.323153
0	18.333462
0	18.343908
0	18.354235
0	18.364534
0	18.374927
0	18.385327
0	18.395644
0	18.406093
0	18.416413
0	18.426714
0	18.437003
0	18.447450
0	18.457753
0	18.468049
0	18.478374
0	18.488673
0	18.499001
0	18.509287
0	18.519635
0	18.529936
0	18.540221
0	18.550774
0	18.561070
0	18.571471
0	18.581812
0	18.592177
0	18.602497
0	18.612784
0	18.623099
1	18.633383
1	18.645236
1	18.655579
1	18.665875
1	18.676156
1	18.686436
1	18.696731
1	18.707033
1	18.717319
1	18.727611
1	18.737900
1	18.748279
1	18.758579
1	18.768864
1	18.779227
1	18.789533
1	18.799897
1	18.810185
1	18.820912
1	18.831476
1	18.841979
1	18.852266
1	18.862609
1	18.872885
1	18.883294
1	18.893573
1	18.903845
1	18.914133
1	18.924394
1	18.934715
1	18.945142
1	18.955424
1	18.965711
1	18.976053
1	18.986354
1	18.996617
1	19.006889
1	19.017182
1	19.027463
1	19.037746
1	19.048213
1	19.058525
1	19.068826
1	19.079115
1	19.089627
1	19.099935
1	19.110311
1	19.120592
1	19.130912
1	19.141243
1	19.151692
1	19.161975
1	19.172322
1	19.182630
1	19.192919
1	19.203186
1	19.213462
1	19.223716
1	19.234201
1	19.244599
1	19.254912
1	19.265201
1	19.275468
1	19.285752
1	19.296040
1	19.306445
1	19.316727
1	19.327033
1	19.337330
1	19.347744
1	19.358034
1	19.368308
1	19.378659
1	19.388945
1	19.399340
1	19.409638
1	19.420292
1	19.430732
1	19.441065
1	19.451492
1	19.461810
1	19.472089
1	19.482382
1	19.492663
1	19.502927
1	19.513202
1	19.523465
1	19.533750
1	19.544217
1	19.554580
1	19.564874
1	19.575227
1	19.585574
1	19.595945
1	19.606249
1	19.616522
1	19.626799
1	19.637057
1	19.647481
1	19.657789
1	19.668061
1	19.678350
1	19.688608
1	19.699416
1	19.709801
1	19.720059
1	19.730341
1	19.740594
1	19.750985
1	19.761270
1	19.771605
1	19.782740
1	19.793758
1	19.804750
1	19.815468
1	19.825857
1	19.836207
1	19.846695
1	19.856963
1	19.867222
1	19.877787
1	19.888504
1	19.898772
1	19.909027
1	19.919271
1	19.929537
1	19.939777
1	19.950215
1	19.960496
1	19.970795
1	19.981067
1	19.991350
1	20.001611
1	20.011864
1	20.022118
1	20.032375
1	20.042685
1	20.053216
1	20.063880
1	20.076221
1	20.086325
1	20.096507
1	20.106617
1	20.116722
1	20.126835
1	20.137413
1	20.147929
1	20.158108
1	20.169271
1	20.179778
1	20.190070
1	20.200207
1	20.210310
1	20.220395
1	20.230564
1	20.240691
1	20.250837
1	20.260994
1	20.271081
1	20.281200
1	20.291292
1	20.301454
1	20.311554
1	20.321670
1	20.331773
1	20.341958
1	20.352118
1	20.362248
1	20.372385
1	20.382476
1	20.392600
1	20.402740
1	20.412859
1	20.422934
1	20.433026
1	20.443113
1	20.453294
1	20.463421
1	20.473519
1	20.483627
1	20.493717
1	20.503801
1	20.513878
1	20.523970
1	20.534034
1	20.544123
1	20.554308
1	20.564434
1	20.574548
1	20.584763
1	20.594884
1	20.605003
1	20.615073
1	20.625163
1	20.635313
1	20.645475
1	20.655582
1	20.665691
1	20.675777
1	20.685860
1	20.695945
1	20.706016
1	20.716082
1	20.726247
1	20.736501
1	20.746767
1	20.756876
1	20.766968
1	20.777128
1	20.787248
1	20.797321
1	20.807462
1	20.817546
1	20.827624
1	20.837806
1	20.847978
1	20.858053
1	20.868123
1	20.878320
1	20.888409
1	20.898459
1	20.908530
1	20.918576
1	20.928656
1	20.938714
1	20.948875
1	20.958956
1	20.969027
1	20.979190
1	20.989273
1	20.999332
1	21.009392
1	21.019450
1	21.029516
1	21.039585
1	21.049728
1	21.059833
1	21.069923
1	21.080410
1	21.090462
1	21.100600
1	21.110625
1	21.120985
1	21.140960
1	21.151007
1	21.161015
1	21.171127
1	21.181142
1	21.191171
1	21.211160
1	21.231140
1	21.251179
1	21.261191
1	21.281193
1	21.301222
1	21.311235
1	21.321256
1	21.341593
1	21.351830
1	21.371902
1	21.381910
1	21.401955
1	21.421938
1	21.441906
1	21.451953
1	21.471941
1	21.491932
1	21.511917
1	21.533069
1	21.544677
1	21.556696
1	21.567676
1	21.578622
1	21.589576
1	21.601335
1	21.612381
1	21.624125
1	21.635053
1	21.645903
1	21.656978
1	21.667866
1	21.678745
1	21.689607
1	21.700522
1	21.711378
1	21.722234
1	21.733153
1	21.744054
1	21.755046
1	21.765905
1	21.776866
1	21.787806
1	21.798698
1	21.809695
1	21.820622
1	21.831586
1	21.842489
1	21.853531
1	21.864441
1	21.875339
1	21.886220
1	21.897080
1	21.907992
1	21.918881
1	21.929740
1	21.940638
1	21.952428
1	21.963319
1	21.974256
1	21.985175
1	21.996068
1	22.006965
1	22.017840
1	22.028773
1	22.039715
1	22.050728
1	22.061557
1	22.072534
1	22.083686
1	22.094667
1	22.106061
1	22.117204
1	22.128228
1	22.139294
1	22.150285
1	22.160351
1	22.170527
1	22.181584
1	22.191597
1	22.201626
1	22.221620
1	22.231662
1	22.251698
1	22.271671
1	22.291620
1	22.301679
1	22.321685
1	22.341641
1	22.351751
1	22.371784
1	22.391782
1	22.401828
1	22.411847
1	22.431817
1	22.451823
1	22.471792
1	22.481811
1	22.501770
1	22.521738
1	22.541700
1	22.551941
1	22.562015
1	22.572044
1	22.582062
1	22.602055
1	22.612061
1	22.632013
1	22.654371
1	22.668167
1	22.678649
1	22.689095
1	22.699208
1	22.719196
1	22.729533
1	22.749591
1	22.769561
1	22.779590
1	22.789624
1	22.799686
1	22.819672
1	22.829704
1	22.849781
1	22.869748
1	22.879819
1	22.899766
1	22.919752
1	22.939707
1	22.949717
1	22.969692
1	22.979725
1	22.999663
1	23.019624
1	23.039545
1	23.049648
1	23.069640
1	23.089614
1	23.100798
1	23.111800
1	23.125917
1	23.143398
1	23.158380
1	23.170514
1	23.181031
1	23.191464
1	23.201695
1	23.212072
1	23.222557
1	23.232646
1	23.243533
1	23.254111
1	23.264250
1	23.274890
1	23.285276
1	23.295856
1	23.306388
1	23.316487
1	23.327091
1	23.337529
1	23.347656
1	23.358136
1	23.368438
1	23.378826
1	23.389713
1	23.400272
1	23.411984
1	23.422669
1	23.432796
1	23.443550
1	23.454045
1	23.464155
1	23.474603
1	23.484973
1	23.495240
1	23.505703
1	23.515767
1	23.526296
1	23.536756
1	23.546852
1	23.557338
1	23.567682
1	23.578115
1	23.588634
1	23.598703
1	23.609264
1	23.619630
1	23.630201
1	23.640594
1	23.650981
1	23.661278
1	23.671674
1	23.681785
1	23.692350
1	23.702764
1	23.712915
1	23.723349
1	23.733748
1	23.744088
1	23.754534
1	23.764657
1	23.775233
1	23.785704
1	23.795842
1	23.806245
1	23.816635
1	23.826985
1	23.837424
1	23.847514
1	23.858129
1	23.868547
1	23.878790
1	23.889259
1	23.899535
1	23.909894
1	23.920348
1	23.930416
1	23.941003
1	23.951296
1	23.961453
1	23.971812
1	23.982113
1	23.992454
1	24.002651
1	24.012746
1	24.023739
1	24.034281
1	24.044416
1	24.054740
1	24.065115
1	24.075224
1	24.085511
1	24.095799
1	24.105910
1	24.116248
1	24.126318
1	24.136600
1	24.146958
1	24.157180
1	24.167412
1	24.177806
1	24.187844
1	24.198158
1	24.208248
1	24.218500
1	24.228844
1	24.249192
1	24.259399
1	24.269695
1	24.280056
1	24.290133
1	24.300354
1	24.310781
1	24.320871
1	24.331177
1	24.341286
1	24.361292
1	24.371343
1	24.391293
1	24.401302
1	24.421214
1	24.441116
1	24.461109
1	24.481054
1	24.500969
1	24.520870
1	24.540828
1	24.560844
1	24.570885
1	24.590840
1	24.601151
1	24.611241
1	24.631151
1	24.651024
1	24.661549
1	24.671693
1	24.681993
1	24.692163
1	24.702403
1	24.712857
1	24.723005
1	24.733337
1	24.743745
1	24.753923
1	24.764306
1	24.774440
1	24.784799
1	24.795362
1	24.805476
1	24.815795
1	24.825877
1	24.845812
1	24.865764
1	24.875823
1	24.885864
1	24.905725
1	24.925558
1	24.945424
1	24.965366
1	24.975382
1	24.995231
1	25.015078
1	25.034922
1	25.054867
1	25.074761
1	25.094609
1	25.114539
1	25.134369
1	25.154244
1	25.174190
1	25.194438
1	25.204521
1	25.224354
1	25.244269
1	25.264160
1	25.284017
1	25.303910
1	25.323806
1	25.343631
1	25.363537
1	25.383434
1	25.403316
1	25.423143
1	25.442969
1	25.462835
1	25.482692
1	25.502524
1	25.522332
1	25.542128
1	25.562085
1	25.572146
1	25.592089
1	25.611916
1	25.631731
1	25.651648
1	25.671543
1	25.691882
1	25.701888
1	25.721736
1	25.741567
1	25.761428
1	25.771517
1	25.782004
1	25.792562
1	25.802795
1	25.812969
1	25.822988
1	25.842900
1	25.862755
1	25.872782
1	25.892611
1	25.912411
1	25.932211
1	25.942265
1	25.952317
1	25.972298
1	25.992174
1	26.011983
1	26.031784
1	26.051569
1	26.061614
1	26.081440
1	26.101284
1	26.121088
1	26.140882
1	26.160727
1	26.170734
1	26.190579
1	26.210451
1	26.230251
1	26.250047
1	26.269919
1	26.289708
1	26.309563
1	26.329403
1	26.349200
1	26.369083
1	26.379094
1	26.399437
1	26.419326
1	26.439194
1	26.459053
1	26.478913
1	26.498754
1	26.518561
1	26.538350
1	26.558303
1	26.578274
1	26.598177
1	26.618084
1	26.637990
1	26.658086
1	26.678104
1	26.688175
1	26.698215
1	26.708286
1	26.728235
1	26.738298
1	26.748324
1	26.768467
1	26.778617
1	26.788634
1	26.798685
1	26.818721
1	26.828768
1	26.838797
1	26.848819
1	26.868791
1	26.878892
1	26.898720
1	26.918528
1	26.938294
1	26.958207
1	26.978117
1	26.998330
1	27.018348
1	27.038306
1	27.058450
1	27.068512
1	27.078557
1	27.088567
1	27.098574
1	27.118613
1	27.139294
1	27.149369
1	27.159430
1	27.169574
1	27.180104
1	27.190197
1	27.200214
1	27.210372
1	27.220432
1	27.230728
1	27.240928
1	27.251931
1	27.262740
1	27.283106
1	27.304506
1	27.315050
1	27.325074
1	27.335485
1	27.345512
1	27.356300
1	27.366658
1	27.376683
1	27.387122
1	27.397479
1	27.408778
1	27.419404
1	27.429553
1	27.440527
1	27.451561
1	27.461663
1	27.472123
1	27.482329
1	27.493228
1	27.506966
1	27.522259
1	27.537257
1	27.552704
1	27.568783
1	27.588982
1	27.602562
1	27.615291
1	27.625875
1	27.635882
1	27.645956
1	27.666021
1	27.676058
1	27.696064
1	27.715937
1	27.735808
1	27.755620
1	27.775610
1	27.795420
1	27.805432
1	27.815672
1	27.825762
1	27.845585
1	27.865579
1	27.875639
1	27.895465
1	27.915313
1	27.935091
1	27.954965
1	27.974926
1	27.994721
1	28.014493
1	28.034282
1	28.054053
1	28.064290
1	28.084254
1	28.096084
1	28.111195
1	28.121858
1	28.134645
1	28.151120
1	28.164535
1	28.174914
1	28.187279
1	28.200308
1	28.212158
1	28.223991
1	28.234113
1	28.244745
1	28.265329
1	28.275703
1	28.285946
1	28.297925
1	28.308572
1	28.320845
1	28.331689
1	28.342127
1	28.352302
1	28.362612
1	28.373327
1	28.384312
1	28.394620
1	28.404818
1	28.415114
1	28.425499
1	28.435558
1	28.445873
1	28.456077
1	28.466315
1	28.476640
1	28.486705
1	28.497116
1	28.507510
1	28.517576
1	28.528027
1	28.538219
1	28.548698
1	28.559098
1	28.569489
1	28.579746
1	28.590194
1	28.600542
1	28.610960
1	28.621052
1	28.631311
1	28.641765
1	28.651966
1	28.662609
1	28.673020
1	28.683298
1	28.693595
1	28.703676
1	28.714064
1	28.724323
1	28.734350
1	28.744603
1	28.754862
1	28.765275
1	28.775597
1	28.785634
1	28.796093
1	28.806430
1	28.817008
1	28.827396
1	28.837539
1	28.847896
1	28.858205
1	28.868603
1	28.878939
1	28.889241
1	28.899369
1	28.909445
1	28.919527
1	28.929580
1	28.949595
1	28.959674
1	28.969948
1	28.989990
1	29.000048
1	29.010093
1	29.020172
1	29.040157
1	29.060261
1	29.070330
1	29.090178
1	29.109884
1	29.129577
1	29.149267
1	29.169216
1	29.188946
1	29.208706
1	29.228415
1	29.248129
1	29.267957
1	29.287683
1	29.307364
1	29.327163
1	29.346803
1	29.366553
1	29.386333
1	29.396385
1	29.406620
1	29.426337
1	29.445969
1	29.465716
1	29.485454
1	29.505143
1	29.524805
1	29.544509
1	29.564508
1	29.584299
1	29.603964
1	29.623596
1	29.643232
1	29.662970
1	29.682634
1	29.702244
1	29.721773
1	29.741342
1	29.760903
1	29.770945
1	29.790550
1	29.810498
1	29.830169
1	29.849705
1	29.869792
1	29.889366
1	29.908946
1	29.928420
1	29.948873
1	29.968556
1	29.988192
1	29.998339
1	30.018154
1	30.037665
1	30.057186
1	30.076950
1	30.096444
1	30.115903
1	30.135363
1	30.154788
1	30.174427
1	30.194153
1	30.213610
1	30.233179
1	30.252602
1	30.272247
1	30.291690
1	30.311227
1	30.330710
1	30.350143
1	30.369784
1	30.389246
1	30.408868
1	30.428258
1	30.447700
1	30.467213
1	30.486686
1	30.506105
1	30.525449
1	30.544817
1	30.564366
1	30.583892
1	30.603665
1	30.623234
1	30.642640
1	30.661999
1	30.681511
1	30.700896
1	30.720217
1	30.739493
1	30.758779
1	30.778301
1	30.798305
1	30.809575
1	30.820213
1	30.831691
1	30.842165
1	30.852668
1	30.863162
1	30.874221
1	30.884661
1	30.895140
1	30.905576
1	30.916010
1	30.926498
1	30.936942
1	30.947690
1	30.958161
1	30.968695
1	30.979137
1	30.989616
1	31.000058
1	31.010523
1	31.020934
1	31.031368
1	31.041782
1	31.052200
1	31.062734
1	31.073279
1	31.083697
1	31.094141
1	31.104576
1	31.115014
1	31.125442
1	31.135844
1	31.146261
1	31.156661
1	31.167166
1	31.177604
1	31.188042
1	31.198760
1	31.209228
1	31.219611
1	31.230167
1	31.240657
1	31.251084
1	31.261524
1	31.271970
1	31.282387
1	31.292781
1	31.303201
1	31.313660
1	31.324036
1	31.334427
1	31.344805
1	31.355163
1	31.365645
1	31.376024
1	31.386441
1	31.396952
1	31.408333
1	31.418811
1	31.429248
1	31.439647
1	31.450113
1	31.460517
1	31.471037
1	31.481487
1	31.491895
1	31.502333
1	31.512806
1	31.523215
1	31.533633
1	31.544197
1	31.554618
1	31.565103
1	31.575647
1	31.586085
1	31.596538
1	31.606940
1	31.617393
1	31.627804
1	31.638254
1	31.648679
1	31.659093
1	31.669613
1	31.680023
1	31.690787
1	31.701271
1	31.711677
1	31.722156
1	31.732584
1	31.742998
1	31.753431
1	31.763837
1	31.774399
1	31.784823
1	31.795239
1	31.805683
1	31.816190
1	31.826678
1	31.837108
1	31.847515
1	31.857948
1	31.869252
1	31.879648
1	31.890081
1	31.900507
1	31.910909
1	31.921389
1	31.931797
1	31.942234
1	31.952648
1	31.963038
1	31.973499
1	31.983904
1	31.994351
1	32.005356
1	32.015801
1	32.026218
1	32.036638
1	32.047006
1	32.057430
1	32.067858
1	32.078255
1	32.088656
1	32.099214
1	32.109614
1	32.119991
1	32.130402
1	32.140792
1	32.151187
1	32.161606
1	32.171999
1	32.182364
1	32.192742
1	32.203113
1	32.213527
1	32.223922
1	32.234282
1	32.244647
1	32.255007
1	32.265416
1	32.275782
1	32.286150
1	32.296541
1	32.306905
1	32.317330
1	32.327748
1	32.338125
1	32.348521
1	32.358886
1	32.369291
1	32.379679
1	32.390068
1	32.400499
1	32.410899
1	32.421307
1	32.431926
1	32.442316
1	32.452709
1	32.463064
1	32.473464
1	32.483847
1	32.494218
1	32.504604
1	32.514970
1	32.525374
1	32.535791
1	32.546149
1	32.556531
1	32.566908
1	32.577310
1	32.587699
1	32.598482
1	32.609033
1	32.619416
1	32.629792
1	32.640195
1	32.650563
1	32.660976
1	32.671341
1	32.681717
1	32.692143
1	32.702510
1	32.712926
1	32.723296
1	32.733668
1	32.744088
1	32.754455
1	32.764866
1	32.775271
1	32.785638
1	32.796047
1	32.806412
1	32.816811
1	32.827182
1	32.837586
1	32.847972
1	32.858362
1	32.869199
1	32.879589
1	32.889945
1	32.900340
1	32.910709
1	32.921094
1	32.931490
1	32.941869
1	32.952257
1	32.962610
1	32.973003
1	32.983387
1	32.993731
1	33.004100
1	33.014459
1	33.024865
1	33.035244
1	33.045622
1	33.055997
1	33.066428
1	33.076803
1	33.087204
1	33.097571
1	33.107981
1	33.118342
1	33.128794
1	33.139175
1	33.149554
1	33.159919
1	33.170265
1	33.180651
1	33.191042
1	33.201936
1	33.212380
1	33.222739
1	33.233361
1	33.244427
1	33.254832
1	33.265184
1	33.275571
1	33.285925
1	33.296285
1	33.306645
1	33.316991
1	33.327380
1	33.337710
1	33.348096
1	33.358500
1	33.368880
1	33.379256
1	33.389606
1	33.399982
1	33.410338
1	33.420708
1	33.431073
1	33.441431
1	33.451856
1	33.462225
1	33.472591
1	33.483018
1	33.493424
1	33.503853
1	33.514240
1	33.524646
1	33.535071
1	33.545450
1	33.555882
1	33.566262
1	33.576698
1	33.587108
1	33.597507
1	33.607912
1	33.618280
1	33.628646
1	33.639028
1	33.649387
1	33.659801
1	33.670165
1	33.680539
1	33.690923
1	33.701280
1	33.711661
1	33.721997
1	33.732360
1	33.742734
1	33.753078
1	33.763455
1	33.773791
1	33.784146
1	33.794488
1	33.806512
1	33.816744
1	33.826965
1	33.837161
1	33.847389
1	33.857591
1	33.868242
1	33.878465
1	33.888642
1	33.898847
1	33.909051
1	33.923484
1	33.933688
1	33.943912
1	33.954123
1	33.964357
1	33.974623
1	33.984828
1	33.995056
1	34.005243
1	34.015488
1	34.025678
1	34.035894
1	34.046116
1	34.056317
1	34.066564
1	34.076750
1	34.086978
1	34.097189
1	34.107414
1	34.117618
1	34.127844
1	34.138027
1	34.148184
1	34.158361
1	34.168554
1	34.178749
1	34.188958
1	34.199202
1	34.209414
1	34.219618
1	34.229815
1	34.240009
1	34.250207
1	34.260388
1	34.270631
1	34.280838
1	34.291055
1	34.301237
1	34.311465
1	34.321685
1	34.331877
1	34.342090
1	34.352276
1	34.362486
1	34.372693
1	34.382923
1	34.393126
1	34.403358
1	34.413572
1	34.423767
1	34.433999
1	34.444182
1	34.454388
1	34.464596
1	34.474887
1	34.485215
1	34.495438
1	34.505655
1	34.515842
1	34.526065
1	34.536253
1	34.546698
1	34.556846
1	34.567062
1	34.577284
1	34.587469
1	34.597638
1	34.607785
1	34.617983
1	34.628146
1	34.638347
1	34.648501
2	34.658706
2	34.673059
2	34.683832
2	34.694272
2	34.704694
2	34.715140
2	34.725579
2	34.735996
2	34.746434
2	34.756849
2	34.767283
2	34.777731
2	34.788158
2	34.798600
2	34.809029
2	34.819445
2	34.829886
2	34.840301
2	34.851015
2	34.862934
2	34.873394
2	34.883862
2	34.894322
4	34.904600
4	34.916367
4	34.928381
4	34.940154
4	34.950434
6	34.960628
7	34.979145
7	34.992969
7	35.004775
7	35.016153
7	35.026996
7	35.038004
7	35.049690
7	35.060336
7	35.070827
7	35.081342
7	35.091801
7	35.102314
7	35.112783
7	35.123239
7	35.133715
7	35.144194
7	35.156207
7	35.166673
7	35.177125
7	35.187586
7	35.198161
7	35.208625
7	35.219097
7	35.229596
7	35.240183
7	35.250660
7	35.261019
7	35.271374
7	35.281726
7	35.292075
7	35.302494
7	35.312870
7	35.323270
7	35.333620
7	35.344015
7	35.355746
7	35.366177
7	35.376521
7	35.386871
7	35.397243
7	35.407577
7	35.417968
7	35.428336
7	35.438669
7	35.449057
7	35.459414
7	35.471239
7	35.481601
7	35.491933
7	35.502335
7	35.512715
7	35.523047
7	35.533403
7	35.543744
7	35.554157
7	35.564501
7	35.574857
7	35.585260
7	35.595595
7	35.606059
7	35.616411
7	35.626744
7	35.637076
7	35.647422
7	35.657830
7	35.669032
7	35.680180
7	35.690478
7	35.700826
7	35.711132
7	35.721458
7	35.731767
7	35.742127
7	35.752443
7	35.762750
7	35.773067
7	35.784526
7	35.794829
7	35.805190
7	35.815517
7	35.825904
7	35.836200
7	35.846489
7	35.856870
7	35.867614
7	35.877920
7	35.888269
7	35.898590
7	35.908936
7	35.919243
7	35.929564
7	35.939920
7	35.950202
8	35.960552
8	35.974600
8	35.986270
8	35.996890
8	36.007284
8	36.017783
8	36.028198
8	36.038596
8	36.049040
8	36.059567
8	36.069981
8	36.080418
8	36.090876
8	36.103159
8	36.113501
9	36.123815
9	36.137281
9	36.147744
9	36.158112
9	36.168520
9	36.178896
9	36.189283
9	36.199679
9	36.210133
9	36.220586
9	36.230977
9	36.241372
9	36.251777
9	36.262171
9	36.272754
9	36.283093
9	36.293574
9	36.305083
9	36.315288
9	36.325473
9	36.335663
9	36.345831
9	36.356057
9	36.366281
9	36.376466
9	36.386621
9	36.396807
9	36.406991
9	36.418882
9	36.429070
9	36.439241
9	36.449416
9	36.459586
9	36.469765
9	36.479954
9	36.490113
9	36.500295
9	36.510482
9	36.520689
9	36.530855
9	36.541057
9	36.551228
9	36.561376
9	36.571567
10	36.581739
10	36.595315
10	36.605785
10	36.617489
10	36.628137
10	36.638583
10	36.648998
10	36.659499
10	36.669918
10	36.680413
10	36.690851
10	36.701295
10	36.711744
10	36.722168
10	36.734460
10	36.744809
10	36.755207
10	36.765353
10	36.775586
10	36.785768
10	36.795973
10	36.806199
10	36.816421
10	36.826653
10	36.836833
10	36.847009
10	36.857166
10	36.867944
10	36.878284
10	36.888464
10	36.898623
10	36.908788
10	36.918950
10	36.929450
10	36.941164
10	36.951355
10	36.961513
10	36.971695
10	36.982053
10	36.992222
10	37.002418
10	37.012562
10	37.022743
10	37.032911
10	37.044232
10	37.054595
10	37.065021
10	37.075445
10	37.085560
10	37.095695
10	37.105798
10	37.115937
10	37.126000
10	37.136176
10	37.146272
10	37.156298
10	37.166355
10	37.176502
10	37.186603
10	37.196622
10	37.206667
10	37.216857
10	37.227109
10	37.237180
10	37.247247
10	37.257290
10	37.267349
10	37.277459
10	37.287518
10	37.297542
10	37.307553
10	37.317636
10	37.327660
10	37.337702
10	37.347723
10	37.357756
10	37.367818
10	37.377919
10	37.387940
10	37.397965
10	37.407991
10	37.427932
10	37.437952
10	37.448002
10	37.467985
10	37.478081
10	37.498092
10	37.518051
10	37.537989
10	37.558022
10	37.569602
10	37.579689
10	37.599635
10	37.619517
10	37.639399
10	37.659268
10	37.680907
10	37.700741
10	37.720575
10	37.740505
10	37.750554
10	37.760582
10	37.780530
10	37.800417
10	37.820422
10	37.840201
10	37.860430
10	37.881646
10	37.901487
10	37.921286
10	37.941113
10	37.960909
10	37.980708
10	37.991764
10	38.011673
10	38.031796
10	38.051569
10	38.071331
10	38.091021
10	38.110723
10	38.130401
10	38.149973
10	38.169676
10	38.189391
10	38.200889
10	38.220491
10	38.240155
10	38.259797
10	38.279439
10	38.289452
10	38.310657
10	38.330305
10	38.350201
10	38.369761
10	38.389689
10	38.403157
10	38.422688
10	38.442184
10	38.461681
10	38.481274
10	38.500742
10	38.511896
10	38.531358
10	38.550865
10	38.570341
10	38.589818
10	38.609425
10	38.620334
10	38.639852
10	38.659366
10	38.678928
10	38.698411
10	38.717916
10	38.737443
10	38.756926
10	38.776482
10	38.795971
10	38.815443
10	38.826393
10	38.846128
10	38.866123
10	38.885599
10	38.905059
10	38.924548
10	38.935220
10	38.945736
10	38.965205
10	38.984760
10	39.004222
10	39.023704
10	39.043195
10	39.062681
10	39.082228
10	39.101893
10	39.121385
10	39.140843
10	39.160299
10	39.179801
10	39.199264
10	39.218801
10	39.238256
10	39.257734
10	39.277204
10	39.296675
10	39.316176
10	39.335626
10	39.355082
10	39.374523
10	39.394042
10	39.413576
10	39.433034
10	39.452485
10	39.471954
10	39.491460
10	39.510881
10	39.530277
10	39.549662
10	39.569036
10	39.588565
10	39.608016
10	39.627461
10	39.646897
10	39.666267
10	39.685737
10	39.705174
10	39.724520
10	39.743976
10	39.763426
10	39.782875
10	39.802348
10	39.821788
10	39.841135
10	39.860838
10	39.880193
10	39.899685
10	39.919096
10	39.938555
10	39.957951
10	39.977392
10	39.996835
10	40.016302
10	40.035752
10	40.055140
10	40.074556
10	40.093921
10	40.113284
10	40.132679
10	40.152073
10	40.171418
10	40.190815
10	40.210209
10	40.229622
10	40.249005
10	40.268322
10	40.287751
10	40.307231
10	40.326632
10	40.346084
10	40.365485
10	40.384927
10	40.404347
10	40.423801
10	40.443221
10	40.462657
10	40.482060
10	40.501473
10	40.520941
10	40.540359
10	40.559772
10	40.579174
10	40.598599
10	40.618053
10	40.637467
10	40.656869
10	40.676345
10	40.695754
10	40.715149
10	40.734576
10	40.753970
10	40.773461
10	40.792850
10	40.812240
10	40.831649
10	40.851050
10	40.861265
10	40.880635
10	40.899973
10	40.919288
10	40.938650
10	40.958064
10	40.977459
10	40.996829
10	41.016248
10	41.035642
10	41.055011
10	41.074407
10	41.093799
10	41.113151
10	41.132496
10	41.151816
10	41.171114
10	41.190460
10	41.209795
10	41.229187
10	41.248545
10	41.267882
10	41.287258
10	41.306618
10	41.325942
10	41.345412
10	41.364739
10	41.384063
10	41.403435
10	41.422775
10	41.442132
10	41.461498
10	41.480804
10	41.500147
10	41.519517
10	41.538870
10	41.558190
10	41.577563
10	41.596898
10	41.616273
10	41.635641
10	41.654945
10	41.674285
10	41.693638
10	41.712935
10	41.732276
10	41.751679
10	41.770992
10	41.790375
10	41.809742
10	41.829050
10	41.848475
10	41.858591
10	41.877910
10	41.897253
10	41.916560
10	41.936802
10	41.956170
10	41.975706
10	41.995143
10	42.014487
10	42.033827
10	42.053249
10	42.072591
10	42.084742
10	42.098427
10	42.117751
10	42.137119
10	42.156432
10	42.175726
10	42.195049
10	42.214390
10	42.233728
10	42.253033
10	42.272334
10	42.291645
10	42.311021
10	42.330350
10	42.349621
10	42.368968
10	42.388265
10	42.407614
10	42.426906
10	42.446186
10	42.465499
10	42.485182
10	42.504530
10	42.523809
10	42.543094
10	42.562440
10	42.581742
10	42.601094
10	42.620389
10	42.639635
10	42.658961
10	42.678263
10	42.697585
10	42.716849
10	42.736147
10	42.755416
10	42.774736
10	42.794062
10	42.813308
10	42.832635
10	42.852165
10	42.862229
10	42.881506
10	42.900808
10	42.920115
10	42.939481
10	42.958747
10	42.978064
10	42.997379
10	43.016673
10	43.035986
10	43.055305
10	43.074667
10	43.093996
10	43.113297
10	43.132574
10	43.151897
10	43.171204
10	43.190473
10	43.209763
10	43.229056
10	43.248327
10	43.267638
10	43.286946
10	43.306227
10	43.325535
10	43.344820
10	43.364105
10	43.383400
10	43.402650
10	43.421900
10	43.441180
10	43.460445
10	43.479735
10	43.499007
10	43.518278
10	43.537564
10	43.556870
10	43.576160
10	43.595541
10	43.614824
10	43.634100
10	43.653354
10	43.673496
10	43.692817
10	43.712133
10	43.731435
10	43.750877
10	43.770261
10	43.789631
10	43.808938
10	43.828196
10	43.847506
10	43.857577
10	43.876907
10	43.896212
10	43.915481
10	43.934784
10	43.954017
10	43.973293
10	43.992575
10	44.011853
10	44.031123
10	44.050424
10	44.069676
10	44.088983
10	44.108273
10	44.127521
10	44.146796
10	44.166028
10	44.185305
10	44.204627
10	44.223860
10	44.243143
10	44.262391
10	44.281641
10	44.300980
10	44.320240
10	44.339492
10	44.358776
10	44.378013
10	44.397304
10	44.416576
10	44.435846
10	44.455097
10	44.474400
10	44.493624
10	44.512908
10	44.532171
10	44.551436
10	44.570702
10	44.589987
10	44.609260
10	44.628535
10	44.647784
10	44.667051
10	44.686293
10	44.705579
10	44.724816
10	44.744096
10	44.763349
10	44.782600
10	44.801852
10	44.821155
10	44.840394
10	44.860178
10	44.879452
10	44.899043
10	44.918365
10	44.937667
10	44.956869
10	44.976143
10	44.995406
10	45.014684
10	45.033949
10	45.053171
10	45.072466
10	45.091747
10	45.111023
10	45.130351
10	45.149638
10	45.168891
10	45.188183
10	45.207453
10	45.226731
10	45.246007
10	45.265262
10	45.284513
10	45.303785
10	45.323103
10	45.342370
10	45.361647
10	45.380877
10	45.400126
10	45.419411
10	45.438645
10	45.457922
10	45.477182
10	45.496426
10	45.515654
10	45.534870
10	45.554054
10	45.573530
10	45.592817
10	45.612043
10	45.631404
10	45.650617
10	45.673778
10	45.693348
10	45.712570
10	45.731889
10	45.751132
10	45.770382
10	45.789616
10	45.808924
10	45.828166
10	45.847406
10	45.857626
10	45.876876
10	45.896110
10	45.915354
10	45.934681
10	45.953906
10	45.973126
10	45.992379
10	46.011614
10	46.030855
10	46.050151
10	46.069428
10	46.088703
10	46.107935
10	46.127195
10	46.146449
10	46.165664
10	46.184926
10	46.204158
10	46.223406
10	46.242677
10	46.261930
10	46.281173
10	46.300449
10	46.319679
10	46.338994
10	46.358240
10	46.377457
10	46.396721
10	46.415935
10	46.435162
10	46.454410
10	46.473631
10	46.492845
10	46.512058
10	46.531289
10	46.550544
10	46.569783
10	46.589006
10	46.608211
10	46.627432
10	46.646712
10	46.666074
10	46.677385
10	46.696626
10	46.715928
10	46.726256
10	46.736781
10	46.756080
10	46.775291
10	46.785482
10	46.796052
10	46.815267
10	46.834482
10	46.854135
10	46.873334
10	46.892593
10	46.911836
10	46.931060
10	46.950309
10	46.969579
10	46.988793
10	46.999856
10	47.019060
10	47.038262
10	47.057739
10	47.076898
10	47.096136
10	47.116880
10	47.136108
10	47.155302
10	47.174522
10	47.193715
10	47.212923
10	47.232168
10	47.251348
10	47.270597
10	47.289773
10	47.308959
10	47.319916
10	47.339125
10	47.358354
10	47.377966
10	47.397197
10	47.416447
10	47.437387
10	47.456586
10	47.475839
10	47.495055
10	47.514234
10	47.533479
10	47.552703
10	47.571937
10	47.591168
10	47.610344
10	47.629549
10	47.640589
10	47.659767
10	47.679055
10	47.698734
10	47.717918
10	47.737172
10	47.757948
10	47.777211
10	47.796434
10	47.815626
10	47.834824
10	47.854632
10	47.874080
10	47.893106
10	47.911898
10	47.929755
10	47.947373
10	47.965480
10	47.983197
10	48.000815
10	48.018557
10	48.036093
10	48.053678
10	48.071617
10	48.089307
10	48.106956
10	48.124486
10	48.142082
10	48.159611
10	48.177306
10	48.194920
10	48.212540
10	48.230123
10	48.247722
10	48.265249
10	48.283264
10	48.300882
10	48.318601
10	48.336490
10	48.354098
10	48.371705
10	48.389387
10	48.407054
10	48.424581
10	48.442182
10	48.459737
10	48.477308
10	48.495216
10	48.513075
10	48.530610
10	48.548602
10	48.566237
10	48.583838
10	48.601450
10	48.619041
10	48.636557
10	48.654462
10	48.671986
10	48.689514
10	48.707185
10	48.724828
10	48.742395
10	48.759973
10	48.777576
10	48.795126
10	48.812959
10	48.830628
10	48.848432
10	48.866460
10	48.883963
10	48.901739
10	48.919398
10	48.936926
10	48.954441
10	48.972391
10	48.989954
10	49.012662
10	49.030465
10	49.047970
10	49.065567
10	49.083114
10	49.101389
10	49.118974
10	49.136473
10	49.154073
10	49.172154
10	49.189767
10	49.207468
10	49.225070
10	49.242558
10	49.260051
10	49.278100
10	49.296839
10	49.314537
10	49.332072
10	49.349616
10	49.367266
10	49.384892
10	49.402484
10	49.420100
10	49.437624
10	49.455217
10	49.472870
10	49.490851
10	49.508529
10	49.526067
10	49.543584
10	49.561119
10	49.578698
10	49.596669
10	49.614392
10	49.631944
10	49.649457
10	49.667037
10	49.684551
10	49.702579
10	49.720183
10	49.737695
10	49.755182
10	49.772919
10	49.790440
10	49.808451
10	49.826036
10	49.843581
10	49.861196
10	49.878700
10	49.896244
10	49.914243
10	49.932108
10	49.949661
10	49.967291
10	49.984882
10	50.002430
10	50.020014
10	50.037577
10	50.055046
10	50.072598
10	50.090147
10	50.107733
10	50.125721
10	50.143209
10	50.160685
10	50.178270
10	50.195845
10	50.213515
10	50.231361
10	50.248875
10	50.266451
10	50.284032
10	50.302076
10	50.319680
10	50.337289
10	50.354839
10	50.372432
10	50.390065
10	50.407673
10	50.425178
10	50.443200
10	50.460775
10	50.478261
10	50.495721
10	50.513290
10	50.532724
10	50.550108
10	50.567249
10	50.584364
10	50.601464
10	50.618550
10	50.635615
10	50.652617
10	50.669677
10	50.686711
10	50.703780
10	50.720810
10	50.737826
10	50.755296
10	50.772389
10	50.789385
10	50.806442
10	50.823532
10	50.840563
10	50.857655
10	50.875035
10	50.892190
10	50.909595
10	50.926639
10	50.943682
10	50.960735
10	50.977806
10	50.994812
10	51.011882
10	51.028838
10	51.045824
10	51.062839
10	51.080296
10	51.097309
10	51.114366
10	51.131325
10	51.148269
10	51.165277
10	51.182648
10	51.199714
10	51.216871
10	51.233811
10	51.250814
10	51.267761
10	51.284700
10	51.301743
10	51.318794
10	51.335785
10	51.352811
10	51.369833
10	51.387364
10	51.404375
10	51.421368
10	51.438300
10	51.455316
10	51.472323
10	51.489268
10	51.507553
10	51.524690
10	51.541644
10	51.558676
10	51.575736
10	51.592751
10	51.609849
10	51.626854
10	51.643779
10	51.660749
10	51.677691
10	51.694671
10	51.712097
10	51.729033
10	51.745969
10	51.762941
10	51.779976
10	51.796898
10	51.814305
10	51.831313
10	51.850556
10	51.867647
10	51.884585
10	51.901508
10	51.918626
10	51.935550
10	51.952510
10	51.969586
10	51.986532
10	52.003505
10	52.020956
10	52.039520
10	52.056384
10	52.073031
10	52.089724
10	52.106971
10	52.123826
10	52.140705
10	52.157314
10	52.174092
10	52.190722
10	52.207524
10	52.224283
10	52.240901
10	52.257513
10	52.274173
10	52.290807
10	52.307461
10	52.324136
10	52.341293
10	52.357930
10	52.374658
10	52.391309
10	52.407967
10	52.424622
10	52.441532
10	52.458312
10	52.474927
10	52.491617
10	52.508251
10	52.524898
10	52.541574
10	52.558198
10	52.574901
10	52.591652
10	52.608484
10	52.625179
10	52.641886
10	52.659224
10	52.683065
10	52.699273
12	52.715039
13	52.729692
13	52.745049
13	52.761200
13	52.777018
13	52.792789
13	52.808569
14	52.824482
14	52.836688
17	52.853623
18	52.868384
19	52.880780
20	52.893271
20	52.906824
21	52.923776
23	52.935659
24	52.947205
25	52.960934
26	52.974302
27	52.988990
28	53.001250
30	53.014437
30	53.028330
30	53.038594
30	53.048842
31	53.061861
32	53.075358
32	53.088391
32	53.107259
32	53.125995
32	53.144714
32	53.163395
32	53.182287
32	53.201115
32	53.219988
32	53.238712
32	53.257504
32	53.276360
32	53.295600
32	53.314656
32	53.333540
32	53.352308
32	53.371118
32	53.391092
32	53.409929
32	53.428673
32	53.447357
32	53.466186
32	53.484851
32	53.503538
32	53.522323
32	53.541024
32	53.559768
32	53.578523
32	53.597740
32	53.616565
32	53.635223
32	53.653882
32	53.672534
32	53.691163
32	53.710243
32	53.728962
32	53.747568
32	53.766408
32	53.785101
32	53.803725
32	53.822623
32	53.841411
32	53.860158
32	53.878819
32	53.897854
32	53.917383
32	53.936198
32	53.954901
32	53.973707
32	53.992336
32	54.011039
32	54.030156
32	54.048825
32	54.067529
32	54.086175
32	54.104898
32	54.123683
32	54.142310
32	54.160929
32	54.179731
32	54.198352
32	54.217164
32	54.236310
32	54.254934
32	54.273546
32	54.292200
32	54.310867
32	54.329577
32	54.348670
32	54.367369
32	54.386175
32	54.404819
32	54.423616
32	54.442233
32	54.461026
32	54.479761
32	54.498617
32	54.517609
32	54.536389
32	54.555506
32	54.574224
32	54.592913
32	54.611697
32	54.630362
32	54.649122
32	54.668070
32	54.686830
32	54.705510
32	54.724240
32	54.742935
32	54.761561
32	54.780354
32	54.798974
32	54.817798
32	54.836499
32	54.855522
32	54.874420
32	54.893060
32	54.911913
32	54.930565
32	54.949175
32	54.968347
32	54.987059
32	55.005690
32	55.024424
32	55.043106
32	55.061715
32	55.080327
32	55.099395
32	55.118365
32	55.137063
32	55.155812
32	55.174988
32	55.193643
32	55.212454
32	55.231148
32	55.249757
32	55.268375
32	55.287375
32	55.306080
32	55.324917
32	55.343680
32	55.362340
32	55.381150
32	55.399939
32	55.418787
32	55.437387
32	55.456108
32	55.474732
32	55.493788
32	55.512605
32	55.531279
32	55.549864
32	55.568722
32	55.587420
32	55.606545
32	55.625335
32	55.643944
32	55.662680
32	55.681290
32	55.700202
32	55.719174
32	55.737779
32	55.756481
32	55.775168
32	55.793762
32	55.813009
32	55.831687
32	55.850498
32	55.869106
32	55.887706
32	55.906316
32	55.925475
32	55.944108
32	55.962778
32	55.981430
32	56.000016
32	56.018792
32	56.037405
32	56.056149
32	56.075094
32	56.093726
32	56.112444
32	56.131554
32	56.150145
32	56.168861
32	56.187480
32	56.206037
32	56.224688
32	56.243680
32	56.262302
32	56.280875
32	56.299724
32	56.318716
32	56.337367
32	56.356067
32	56.374888
32	56.393509
32	56.412151
32	56.430835
32	56.449923
32	56.468484
32	56.487056
32	56.505623
32	56.524294
32	56.542849
32	56.562614
32	56.581377
32	56.599982
32	56.618677
32	56.637560
32	56.657296
32	56.676153
32	56.694733
32	56.713336
32	56.731932
32	56.750490
32	56.769113
32	56.787730
32	56.806281
32	56.825174
32	56.844384
32	56.862995
32	56.881575
32	56.900367
32	56.919299
32	56.937862
32	56.956398
32	56.975013
32	56.993611
32	57.012196
32	57.030854
32	57.049649
32	57.068319
32	57.086956
32	57.105673
32	57.124326
32	57.142859
32	57.161390
32	57.180066
32	57.199112
32	57.218544
32	57.228778
32	57.247798
32	57.267272
32	57.278127
32	57.297236
32	57.316911
32	57.327677
32	57.346655
32	57.366184
32	57.376929
32	57.396272
32	57.406383
32	57.416902
32	57.435794
32	57.455413
32	57.465620
32	57.476295
32	57.486394
32	57.496550
32	57.506620
32	57.525867
32	57.546168
32	57.565496
32	57.584096
32	57.602734
32	57.621437
32	57.639976
32	57.658498
32	57.677010
32	57.695546
32	57.714080
32	57.732699
32	57.751240
32	57.769799
32	57.788367
32	57.806972
32	57.825699
32	57.844375
32	57.862930
32	57.881434
32	57.899937
32	57.918760
32	57.937358
32	57.955836
32	57.974385
32	57.992876
32	58.011450
32	58.030198
32	58.049790
32	58.068987
32	58.088060
32	58.106720
32	58.125551
32	58.144055
32	58.162628
32	58.181255
32	58.199801
32	58.218435
32	58.236981
32	58.255460
32	58.273957
32	58.292479
32	58.311052
32	58.329769
32	58.348499
32	58.367071
32	58.385689
32	58.404183
32	58.422776
32	58.441301
32	58.459820
32	58.478290
32	58.496751
32	58.515254
32	58.533871
32	58.552433
32	58.571036
32	58.589534
32	58.609263
32	58.628499
32	58.647155
32	58.666989
32	58.686115
32	58.704951
32	58.723567
32	58.742345
32	58.760839
32	58.780725
32	58.800291
32	58.819090
32	58.838183
32	58.856769
32	58.875235
32	58.893713
32	58.912205
32	58.930783
32	58.949256
32	58.967769
32	58.986242
32	59.004687
32	59.023196
32	59.041734
32	59.060206
32	59.078748
32	59.097238
32	59.115749
32	59.134343
32	59.152805
32	59.171406
32	59.189863
32	59.208351
32	59.227151
32	59.245721
32	59.264647
32	59.283309
32	59.301788
32	59.321195
32	59.340139
32	59.358866
32	59.377531
32	59.396025
32	59.414447
32	59.434048
32	59.453603
32	59.472549
32	59.491033
32	59.509599
32	59.528135
32	59.547181
32	59.566649
32	59.585892
32	59.604541
32	59.623170
32	59.641684
32	59.660708
32	59.670727
32	59.689347
32	59.707788
32	59.726285
32	59.744804
32	59.763286
32	59.781841
32	59.800276
32	59.818884
32	59.837511
32	59.856071
32	59.874492
32	59.892896
32	59.911364
32	59.930534
32	59.949715
32	59.968435
32	59.987018
32	60.005619
32	60.015656
32	60.034442
32	60.052920
32	60.071401
32	60.089834
32	60.108443
32	60.126993
32	60.145442
32	60.163915
32	60.182405
32	60.200889
32	60.219241
32	60.237680
32	60.247821
32	60.258042
32	60.277447
32	60.296000
32	60.315336
32	60.333709
32	60.351979
32	60.370377
32	60.391435
32	60.408244
32	60.425162
32	60.442017
32	60.458890
32	60.475700
32	60.492458
32	60.509215
32	60.526061
32	60.542901
32	60.559789
32	60.576709
32	60.593493
32	60.610407
32	60.627269
32	60.644076
32	60.661001
32	60.677796
32	60.694528
32	60.711261
32	60.728080
32	60.744914
32	60.761680
32	60.778562
32	60.795289
32	60.812132
32	60.829179
32	60.846847
32	60.864062
32	60.880936
32	60.897708
32	60.914484
32	60.931356
32	60.948140
32	60.965010
32	60.981855
32	60.998586
32	61.015312
32	61.032145
32	61.048912
32	61.065706
32	61.082478
32	61.099213
32	61.116030
32	61.132861
32	61.149623
32	61.166440
32	61.183215
32	61.200022
32	61.216945
32	61.233816
32	61.250572
32	61.267291
32	61.284062
32	61.300799
32	61.317559
32	61.334401
32	61.351208
32	61.368038
32	61.384919
32	61.401657
32	61.418365
32	61.435166
32	61.452591
32	61.469512
32	61.486297
32	61.503004
32	61.519823
32	61.537307
32	61.554511
32	61.572328
32	61.589266
32	61.606068
32	61.622893
32	61.639673
32	61.656640
32	61.673396
32	61.690409
32	61.707206
32	61.723927
32	61.740679
32	61.757400
32	61.774167
32	61.790864
32	61.807545
32	61.824287
32	61.843842
32	61.861295
32	61.879137
32	61.895525
32	61.912068
32	61.928730
32	61.945160
32	61.961485
32	61.977906
32	61.994248
32	62.010570
32	62.026915
32	62.043849
32	62.060457
32	62.076825
32	62.093141
32	62.109640
32	62.126034
32	62.142990
32	62.159383
32	62.175781
32	62.192069
32	62.208396
32	62.224816
32	62.241196
32	62.257489
32	62.273758
32	62.290063
32	62.306361
32	62.322655
32	62.339054
32	62.355400
32	62.371898
32	62.388308
32	62.404622
32	62.421020
32	62.437496
32	62.453803
34	62.470095
35	62.486515
36	62.498982
36	62.511843
36	62.521982
36	62.536790
36	62.551541
36	62.566365
36	62.581111
36	62.595794
36	62.610600
36	62.625292
36	62.640049
36	62.654753
36	62.669412
36	62.684057
36	62.698714
36	62.713400
36	62.728100
36	62.743338
36	62.758139
36	62.772886
36	62.787542
36	62.802200
36	62.817039
36	62.832028
36	62.843300
36	62.858070
36	62.872665
36	62.887256
36	62.901876
36	62.916499
36	62.931187
36	62.945805
36	62.960468
36	62.975083
36	62.989667
36	63.004241
36	63.018853
36	63.033537
36	63.048146
36	63.062732
36	63.077326
36	63.091900
36	63.106564
36	63.121178
36	63.135875
36	63.150459
36	63.165358
36	63.180463
36	63.197231
36	63.213414
36	63.228723
36	63.243435
36	63.258074
36	63.272663
36	63.287260
36	63.301850
36	63.316425
36	63.331154
36	63.345760
36	63.360697
36	63.375643
36	63.390404
36	63.404984
36	63.419577
36	63.434296
36	63.448920
36	63.463503
36	63.478101
36	63.494193
36	63.509209
36	63.524109
36	63.538802
36	63.553470
36	63.568141
36	63.582716
36	63.597346
36	63.612077
36	63.626730
36	63.641385
36	63.655954
36	63.670837
36	63.685441
36	63.700027
36	63.714598
36	63.729280
36	63.743932
36	63.758508
36	63.773201
36	63.787785
36	63.802391
36	63.817038
36	63.831861
36	63.846456
36	63.861107
36	63.875691
36	63.890256
36	63.904897
36	63.919470
36	63.934142
36	63.949677
36	63.965044
36	63.980154
36	63.994876
36	64.009557
36	64.024212
36	64.038881
36	64.053498
36	64.068078
36	64.082641
36	64.097225
36	64.111887
36	64.126508
36	64.141186
36	64.155798
36	64.170548
36	64.185210
36	64.199974
36	64.214671
36	64.229384
36	64.244051
36	64.258715
36	64.273303
36	64.287988
36	64.302593
36	64.317179
36	64.331920
36	64.346559
36	64.361448
36	64.376215
36	64.390947
36	64.405622
36	64.420495
36	64.435251
36	64.450896
36	64.465829
36	64.481916
36	64.497486
36	64.513131
36	64.528235
36	64.543278
36	64.558168
36	64.573454
36	64.588036
36	64.602657
36	64.617289
36	64.631950
36	64.646566
36	64.661183
36	64.675752
36	64.690307
36	64.704887
36	64.719448
36	64.734104
36	64.748701
36	64.763333
36	64.777934
36	64.792506
36	64.807138
36	64.821767
36	64.836930
36	64.851500
36	64.866584
36	64.882307
36	64.897326
36	64.912004
36	64.926669
36	64.941306
36	64.955894
36	64.970528
36	64.985096
36	64.999648
36	65.014185
36	65.028797
36	65.043431
36	65.058017
36	65.072595
36	65.087239
36	65.101840
36	65.116636
36	65.131363
36	65.145944
36	65.160647
36	65.175298
36	65.189876
36	65.204537
36	65.219160
36	65.233872
36	65.248488
36	65.263088
36	65.277733
36	65.292348
36	65.306939
36	65.321605
36	65.336311
36	65.350946
36	65.366243
36	65.381158
36	65.396883
36	65.411508
36	65.427254
36	65.442182
36	65.458425
36	65.473354
36	65.489470
36	65.504081
36	65.520323
36	65.535720
36	65.551915
36	65.566668
36	65.583227
36	65.597993
36	65.613892
36	65.628867
36	65.645412
36	65.660714
36	65.676747
36	65.692210
36	65.707779
36	65.723122
36	65.738317
36	65.754037
36	65.768930
36	65.784448
36	65.799233
36	65.814892
36	65.829842
36	65.845583
36	65.860663
36	65.876204
36	65.891131
36	65.906665
36	65.921603
36	65.937285
36	65.952615
36	65.967867
36	65.983366
36	65.998749
36	66.014349
36	66.030166
36	66.044937
36	66.061091
36	66.076176
36	66.092195
36	66.107040
36	66.122564
36	66.137294
36	66.153083
36	66.167885
36	66.184142
36	66.199102
36	66.215036
36	66.230536
36	66.246107
36	66.261654
36	66.277728
36	66.292741
36	66.308174
36	66.322839
36	66.339095
36	66.354027
36	66.369907
36	66.384676
36	66.401095
SATISFIABLE
